#include <Arduino.h>
#include <FastLED.h>

const uint16_t loc2indSerpByRow[22][22] PROGMEM = {
{0,1,2,3,4,5,6,7,8,9,10,11,12,13,14,15,16,17,18,19,20,21},
{43,42,41,40,39,38,37,36,35,34,33,32,31,30,29,28,27,26,25,24,23,22},
{44,45,46,47,48,49,50,51,52,53,54,55,56,57,58,59,60,61,62,63,64,65},
{87,86,85,84,83,82,81,80,79,78,77,76,75,74,73,72,71,70,69,68,67,66},
{88,89,90,91,92,93,94,95,96,97,98,99,100,101,102,103,104,105,106,107,108,109},
{131,130,129,128,127,126,125,124,123,122,121,120,119,118,117,116,115,114,113,112,111,110},
{132,133,134,135,136,137,138,139,140,141,142,143,144,145,146,147,148,149,150,151,152,153},
{175,174,173,172,171,170,169,168,167,166,165,164,163,162,161,160,159,158,157,156,155,154},
{176,177,178,179,180,181,182,183,184,185,186,187,188,189,190,191,192,193,194,195,196,197},
{219,218,217,216,215,214,213,212,211,210,209,208,207,206,205,204,203,202,201,200,199,198},
{220,221,222,223,224,225,226,227,228,229,230,231,232,233,234,235,236,237,238,239,240,241},
{263,262,261,260,259,258,257,256,255,254,253,252,251,250,249,248,247,246,245,244,243,242},
{264,265,266,267,268,269,270,271,272,273,274,275,276,277,278,279,280,281,282,283,284,285},
{307,306,305,304,303,302,301,300,299,298,297,296,295,294,293,292,291,290,289,288,287,286},
{308,309,310,311,312,313,314,315,316,317,318,319,320,321,322,323,324,325,326,327,328,329},
{351,350,349,348,347,346,345,344,343,342,341,340,339,338,337,336,335,334,333,332,331,330},
{352,353,354,355,356,357,358,359,360,361,362,363,364,365,366,367,368,369,370,371,372,373},
{395,394,393,392,391,390,389,388,387,386,385,384,383,382,381,380,379,378,377,376,375,374},
{396,397,398,399,400,401,402,403,404,405,406,407,408,409,410,411,412,413,414,415,416,417},
{439,438,437,436,435,434,433,432,431,430,429,428,427,426,425,424,423,422,421,420,419,418},
{440,441,442,443,444,445,446,447,448,449,450,451,452,453,454,455,456,457,458,459,460,461},
{483,482,481,480,479,478,477,476,475,474,473,472,471,470,469,468,467,466,465,464,463,462}
};

const uint16_t loc2indSerp[484] PROGMEM = {
0,1,2,3,4,5,6,7,8,9,10,11,12,13,14,15,16,17,18,19,20,21,22,23,24,25,26,27,28,29,30,31,32,33,34,35,36,37,38,39,40,41,42,43,44,45,46,47,48,49,50,51,52,53,54,55,56,57,58,59,60,61,62,63,64,65,66,67,68,69,70,71,72,73,74,75,76,77,78,79,80,81,82,83,84,85,86,87,88,89,90,91,92,93,94,95,96,97,98,99,100,101,102,103,104,105,106,107,108,109,110,111,112,113,114,115,116,117,118,119,120,121,122,123,124,125,126,127,128,129,130,131,132,133,134,135,136,137,138,139,140,141,142,143,144,145,146,147,148,149,150,151,152,153,154,155,156,157,158,159,160,161,162,163,164,165,166,167,168,169,170,171,172,173,174,175,176,177,178,179,180,181,182,183,184,185,186,187,188,189,190,191,192,193,194,195,196,197,198,199,200,201,202,203,204,205,206,207,208,209,210,211,212,213,214,215,216,217,218,219,220,221,222,223,224,225,226,227,228,229,230,231,232,233,234,235,236,237,238,239,240,241,242,243,244,245,246,247,248,249,250,251,252,253,254,255,256,257,258,259,260,261,262,263,264,265,266,267,268,269,270,271,272,273,274,275,276,277,278,279,280,281,282,283,284,285,286,287,288,289,290,291,292,293,294,295,296,297,298,299,300,301,302,303,304,305,306,307,308,309,310,311,312,313,314,315,316,317,318,319,320,321,322,323,324,325,326,327,328,329,330,331,332,333,334,335,336,337,338,339,340,341,342,343,344,345,346,347,348,349,350,351,352,353,354,355,356,357,358,359,360,361,362,363,364,365,366,367,368,369,370,371,372,373,374,375,376,377,378,379,380,381,382,383,384,385,386,387,388,389,390,391,392,393,394,395,396,397,398,399,400,401,402,403,404,405,406,407,408,409,410,411,412,413,414,415,416,417,418,419,420,421,422,423,424,425,426,427,428,429,430,431,432,433,434,435,436,437,438,439,440,441,442,443,444,445,446,447,448,449,450,451,452,453,454,455,456,457,458,459,460,461,462,463,464,465,466,467,468,469,470,471,472,473,474,475,476,477,478,479,480,481,482,483
};

const uint16_t loc2indProg[484] PROGMEM = {
0,1,2,3,4,5,6,7,8,9,10,11,12,13,14,15,16,17,18,19,20,21,43,42,41,40,39,38,37,36,35,34,33,32,31,30,29,28,27,26,25,24,23,22,44,45,46,47,48,49,50,51,52,53,54,55,56,57,58,59,60,61,62,63,64,65,87,86,85,84,83,82,81,80,79,78,77,76,75,74,73,72,71,70,69,68,67,66,88,89,90,91,92,93,94,95,96,97,98,99,100,101,102,103,104,105,106,107,108,109,131,130,129,128,127,126,125,124,123,122,121,120,119,118,117,116,115,114,113,112,111,110,132,133,134,135,136,137,138,139,140,141,142,143,144,145,146,147,148,149,150,151,152,153,175,174,173,172,171,170,169,168,167,166,165,164,163,162,161,160,159,158,157,156,155,154,176,177,178,179,180,181,182,183,184,185,186,187,188,189,190,191,192,193,194,195,196,197,219,218,217,216,215,214,213,212,211,210,209,208,207,206,205,204,203,202,201,200,199,198,220,221,222,223,224,225,226,227,228,229,230,231,232,233,234,235,236,237,238,239,240,241,263,262,261,260,259,258,257,256,255,254,253,252,251,250,249,248,247,246,245,244,243,242,264,265,266,267,268,269,270,271,272,273,274,275,276,277,278,279,280,281,282,283,284,285,307,306,305,304,303,302,301,300,299,298,297,296,295,294,293,292,291,290,289,288,287,286,308,309,310,311,312,313,314,315,316,317,318,319,320,321,322,323,324,325,326,327,328,329,351,350,349,348,347,346,345,344,343,342,341,340,339,338,337,336,335,334,333,332,331,330,352,353,354,355,356,357,358,359,360,361,362,363,364,365,366,367,368,369,370,371,372,373,395,394,393,392,391,390,389,388,387,386,385,384,383,382,381,380,379,378,377,376,375,374,396,397,398,399,400,401,402,403,404,405,406,407,408,409,410,411,412,413,414,415,416,417,439,438,437,436,435,434,433,432,431,430,429,428,427,426,425,424,423,422,421,420,419,418,440,441,442,443,444,445,446,447,448,449,450,451,452,453,454,455,456,457,458,459,460,461,483,482,481,480,479,478,477,476,475,474,473,472,471,470,469,468,467,466,465,464,463,462
};

const uint16_t loc2indProgByRow[22][22] PROGMEM = {
{0,1,2,3,4,5,6,7,8,9,10,11,12,13,14,15,16,17,18,19,20,21},
{22,23,24,25,26,27,28,29,30,31,32,33,34,35,36,37,38,39,40,41,42,43},
{44,45,46,47,48,49,50,51,52,53,54,55,56,57,58,59,60,61,62,63,64,65},
{66,67,68,69,70,71,72,73,74,75,76,77,78,79,80,81,82,83,84,85,86,87},
{88,89,90,91,92,93,94,95,96,97,98,99,100,101,102,103,104,105,106,107,108,109},
{110,111,112,113,114,115,116,117,118,119,120,121,122,123,124,125,126,127,128,129,130,131},
{132,133,134,135,136,137,138,139,140,141,142,143,144,145,146,147,148,149,150,151,152,153},
{154,155,156,157,158,159,160,161,162,163,164,165,166,167,168,169,170,171,172,173,174,175},
{176,177,178,179,180,181,182,183,184,185,186,187,188,189,190,191,192,193,194,195,196,197},
{198,199,200,201,202,203,204,205,206,207,208,209,210,211,212,213,214,215,216,217,218,219},
{220,221,222,223,224,225,226,227,228,229,230,231,232,233,234,235,236,237,238,239,240,241},
{242,243,244,245,246,247,248,249,250,251,252,253,254,255,256,257,258,259,260,261,262,263},
{264,265,266,267,268,269,270,271,272,273,274,275,276,277,278,279,280,281,282,283,284,285},
{286,287,288,289,290,291,292,293,294,295,296,297,298,299,300,301,302,303,304,305,306,307},
{308,309,310,311,312,313,314,315,316,317,318,319,320,321,322,323,324,325,326,327,328,329},
{330,331,332,333,334,335,336,337,338,339,340,341,342,343,344,345,346,347,348,349,350,351},
{352,353,354,355,356,357,358,359,360,361,362,363,364,365,366,367,368,369,370,371,372,373},
{374,375,376,377,378,379,380,381,382,383,384,385,386,387,388,389,390,391,392,393,394,395},
{396,397,398,399,400,401,402,403,404,405,406,407,408,409,410,411,412,413,414,415,416,417},
{418,419,420,421,422,423,424,425,426,427,428,429,430,431,432,433,434,435,436,437,438,439},
{440,441,442,443,444,445,446,447,448,449,450,451,452,453,454,455,456,457,458,459,460,461},
{462,463,464,465,466,467,468,469,470,471,472,473,474,475,476,477,478,479,480,481,482,483},
};

const uint16_t loc2indProgByColBottomUp[22][22] PROGMEM = {
{0,43,44,87,88,131,132,175,176,219,220,263,264,307,308,351,352,395,396,439,440,483},
{1,42,45,86,89,130,133,174,177,218,221,262,265,306,309,350,353,394,397,438,441,482},
{2,41,46,85,90,129,134,173,178,217,222,261,266,305,310,349,354,393,398,437,442,481},
{3,40,47,84,91,128,135,172,179,216,223,260,267,304,311,348,355,392,399,436,443,480},
{4,39,48,83,92,127,136,171,180,215,224,259,268,303,312,347,356,391,400,435,444,479},
{5,38,49,82,93,126,137,170,181,214,225,258,269,302,313,346,357,390,401,434,445,478},
{6,37,50,81,94,125,138,169,182,213,226,257,270,301,314,345,358,389,402,433,446,477},
{7,36,51,80,95,124,139,168,183,212,227,256,271,300,315,344,359,388,403,432,447,476},
{8,35,52,79,96,123,140,167,184,211,228,255,272,299,316,343,360,387,404,431,448,475},
{9,34,53,78,97,122,141,166,185,210,229,254,273,298,317,342,361,386,405,430,449,474},
{10,33,54,77,98,121,142,165,186,209,230,253,274,297,318,341,362,385,406,429,450,473},
{11,32,55,76,99,120,143,164,187,208,231,252,275,296,319,340,363,384,407,428,451,472},
{12,31,56,75,100,119,144,163,188,207,232,251,276,295,320,339,364,383,408,427,452,471},
{13,30,57,74,101,118,145,162,189,206,233,250,277,294,321,338,365,382,409,426,453,470},
{14,29,58,73,102,117,146,161,190,205,234,249,278,293,322,337,366,381,410,425,454,469},
{15,28,59,72,103,116,147,160,191,204,235,248,279,292,323,336,367,380,411,424,455,468},
{16,27,60,71,104,115,148,159,192,203,236,247,280,291,324,335,368,379,412,423,456,467},
{17,26,61,70,105,114,149,158,193,202,237,246,281,290,325,334,369,378,413,422,457,466},
{18,25,62,69,106,113,150,157,194,201,238,245,282,289,326,333,370,377,414,421,458,465},
{19,24,63,68,107,112,151,156,195,200,239,244,283,288,327,332,371,376,415,420,459,464},
{20,23,64,67,108,111,152,155,196,199,240,243,284,287,328,331,372,375,416,419,460,463},
{21,22,65,66,109,110,153,154,197,198,241,242,285,286,329,330,373,374,417,418,461,462}
};


